100
4822
0 1 63
0 5 93
0 7 13
0 8 83
0 14 89
0 17 23
0 19 31
0 22 25
0 26 51
0 27 73
0 28 63
0 29 93
0 30 79
0 31 73
0 32 19
0 38 75
0 39 21
0 41 35
0 42 69
0 43 51
0 44 97
0 45 87
0 48 71
0 50 17
0 52 21
0 55 95
0 56 21
0 58 37
0 62 17
0 64 99
0 66 29
0 68 97
0 69 21
0 74 97
0 79 21
0 81 89
0 83 93
0 84 31
0 86 77
0 87 99
0 91 49
0 95 89
0 97 39
0 99 29
1 0 63
1 2 13
1 3 69
1 4 47
1 7 95
1 8 67
1 10 85
1 13 81
1 14 95
1 17 71
1 18 93
1 19 13
1 28 93
1 29 75
1 30 17
1 31 19
1 32 35
1 33 87
1 37 73
1 38 63
1 39 99
1 42 23
1 46 37
1 47 43
1 48 37
1 49 51
1 51 21
1 53 29
1 54 93
1 55 15
1 56 73
1 61 97
1 63 81
1 68 17
1 70 29
1 72 69
1 74 15
1 75 61
1 76 23
1 79 67
1 80 65
1 81 19
1 84 65
1 85 81
1 86 83
1 87 31
1 88 41
1 89 27
1 91 75
1 93 51
1 94 33
1 95 21
1 96 91
1 97 81
1 99 21
2 1 13
2 3 97
2 4 27
2 6 17
2 9 51
2 11 45
2 12 49
2 13 11
2 18 83
2 20 71
2 22 45
2 23 83
2 28 63
2 29 89
2 30 49
2 35 19
2 36 49
2 37 45
2 38 35
2 40 91
2 43 75
2 44 41
2 49 95
2 50 25
2 53 95
2 57 11
2 60 61
2 62 49
2 63 91
2 65 33
2 68 57
2 71 17
2 72 81
2 74 95
2 75 31
2 76 91
2 83 37
2 84 87
2 85 51
2 92 79
2 93 73
2 94 27
2 95 77
2 96 83
2 97 57
2 99 13
3 1 69
3 2 97
3 6 55
3 7 75
3 8 41
3 9 39
3 10 57
3 11 55
3 12 75
3 14 35
3 15 93
3 16 35
3 17 33
3 19 45
3 21 67
3 22 23
3 23 55
3 26 43
3 27 31
3 29 45
3 32 65
3 39 71
3 41 85
3 42 67
3 43 35
3 44 91
3 45 75
3 48 11
3 49 81
3 51 87
3 52 71
3 54 53
3 56 49
3 57 31
3 58 17
3 59 39
3 61 39
3 64 75
3 66 23
3 67 11
3 69 29
3 70 29
3 71 65
3 73 23
3 76 53
3 79 99
3 80 29
3 85 41
3 86 71
3 87 85
3 88 93
3 89 39
3 93 39
3 94 61
3 95 99
4 1 47
4 2 27
4 6 29
4 9 35
4 12 57
4 13 37
4 14 97
4 16 13
4 17 71
4 18 19
4 20 53
4 22 73
4 23 31
4 24 77
4 27 45
4 33 55
4 34 51
4 35 15
4 36 23
4 38 81
4 40 15
4 44 61
4 45 11
4 46 83
4 48 83
4 51 71
4 52 23
4 62 23
4 65 47
4 66 17
4 68 51
4 69 69
4 70 41
4 71 45
4 82 75
4 83 83
4 86 59
4 87 43
4 88 47
4 90 39
4 94 85
4 95 15
4 96 63
4 98 11
4 99 57
5 0 93
5 7 27
5 8 97
5 9 21
5 10 79
5 11 75
5 13 97
5 15 99
5 17 57
5 19 93
5 20 45
5 22 83
5 23 99
5 29 33
5 30 57
5 31 31
5 32 27
5 34 39
5 35 37
5 41 41
5 44 35
5 45 93
5 47 73
5 48 45
5 51 25
5 53 21
5 54 49
5 55 65
5 58 87
5 59 99
5 61 29
5 64 87
5 73 15
5 75 41
5 77 11
5 81 71
5 84 51
5 85 77
5 89 13
5 94 63
5 95 35
5 97 49
5 98 41
5 99 41
6 2 17
6 3 55
6 4 29
6 11 47
6 12 33
6 15 97
6 16 65
6 18 43
6 20 55
6 22 47
6 25 79
6 28 71
6 30 13
6 31 39
6 32 33
6 35 77
6 36 41
6 39 47
6 41 73
6 43 77
6 44 33
6 46 75
6 48 65
6 49 43
6 50 47
6 51 41
6 52 79
6 54 91
6 56 35
6 57 33
6 58 53
6 61 95
6 66 45
6 67 95
6 69 25
6 70 59
6 72 15
6 73 99
6 77 59
6 79 23
6 81 95
6 83 95
6 84 89
6 86 23
6 87 77
6 89 99
6 90 49
6 93 21
6 95 19
6 96 55
6 97 39
7 0 13
7 1 95
7 3 75
7 5 27
7 8 89
7 9 37
7 10 89
7 12 81
7 14 87
7 15 37
7 17 31
7 18 99
7 20 13
7 27 65
7 28 75
7 29 31
7 33 21
7 34 85
7 35 79
7 37 75
7 38 21
7 39 79
7 41 33
7 44 97
7 46 29
7 47 93
7 51 77
7 52 37
7 53 35
7 54 65
7 59 21
7 60 81
7 61 27
7 64 35
7 67 61
7 68 57
7 69 69
7 72 17
7 73 97
7 75 31
7 77 51
7 82 77
7 83 27
7 86 99
7 87 99
7 88 55
7 90 55
7 93 41
7 94 53
7 95 41
7 96 45
7 97 43
8 0 83
8 1 67
8 3 41
8 5 97
8 7 89
8 10 51
8 11 91
8 12 83
8 13 69
8 19 51
8 21 69
8 23 91
8 25 39
8 27 49
8 29 71
8 31 73
8 32 51
8 33 27
8 34 11
8 38 61
8 42 25
8 43 45
8 44 31
8 46 27
8 47 75
8 49 35
8 51 19
8 53 91
8 54 41
8 55 75
8 57 35
8 61 83
8 62 67
8 63 25
8 65 39
8 68 75
8 70 23
8 72 99
8 73 11
8 76 37
8 77 65
8 91 53
8 93 47
8 94 29
8 95 77
8 97 75
9 2 51
9 3 39
9 4 35
9 5 21
9 7 37
9 10 39
9 12 83
9 13 57
9 16 45
9 17 47
9 18 55
9 23 71
9 25 79
9 26 27
9 28 45
9 29 51
9 32 91
9 33 75
9 35 71
9 36 13
9 37 95
9 39 91
9 40 57
9 42 43
9 45 25
9 46 77
9 48 17
9 49 41
9 50 93
9 51 93
9 53 75
9 54 33
9 55 55
9 56 71
9 57 31
9 58 15
9 59 67
9 61 63
9 63 61
9 64 55
9 65 73
9 67 89
9 70 75
9 73 95
9 74 53
9 75 99
9 76 21
9 78 37
9 82 59
9 88 17
9 90 41
9 93 91
9 94 37
9 95 61
9 96 27
10 1 85
10 3 57
10 5 79
10 7 89
10 8 51
10 9 39
10 16 83
10 17 75
10 18 77
10 19 51
10 22 45
10 23 33
10 28 75
10 30 67
10 31 85
10 36 95
10 37 67
10 42 45
10 45 61
10 46 97
10 48 63
10 49 21
10 51 45
10 53 53
10 54 27
10 55 93
10 56 85
10 58 63
10 59 17
10 60 19
10 62 15
10 63 95
10 64 97
10 65 53
10 66 55
10 67 31
10 68 21
10 69 43
10 71 95
10 72 41
10 73 51
10 74 51
10 77 47
10 79 97
10 80 31
10 82 25
10 88 67
10 91 19
10 92 37
10 93 45
10 96 39
10 97 55
10 99 19
11 2 45
11 3 55
11 5 75
11 6 47
11 8 91
11 14 77
11 18 49
11 20 65
11 22 75
11 23 13
11 24 19
11 25 97
11 27 73
11 28 13
11 29 33
11 31 41
11 35 57
11 37 33
11 38 49
11 39 31
11 40 65
11 43 99
11 46 77
11 47 21
11 48 45
11 52 89
11 55 33
11 56 87
11 58 39
11 60 33
11 61 61
11 62 49
11 63 93
11 65 27
11 67 11
11 70 75
11 74 61
11 75 45
11 76 21
11 78 99
11 79 45
11 81 87
11 82 83
11 83 13
11 85 55
11 86 13
11 91 75
11 92 45
11 93 25
11 95 55
11 96 75
11 99 15
12 2 49
12 3 75
12 4 57
12 6 33
12 7 81
12 8 83
12 9 83
12 13 85
12 15 97
12 17 59
12 19 47
12 21 61
12 22 83
12 23 97
12 24 93
12 26 13
12 27 23
12 29 73
12 30 97
12 31 89
12 32 71
12 34 75
12 35 99
12 39 15
12 41 13
12 42 17
12 44 85
12 46 29
12 49 63
12 50 93
12 52 15
12 53 61
12 54 71
12 56 29
12 57 75
12 61 87
12 62 63
12 65 71
12 67 37
12 68 21
12 69 25
12 71 19
12 73 87
12 76 21
12 78 97
12 79 29
12 80 73
12 81 63
12 82 47
12 83 91
12 85 39
12 86 17
12 87 71
12 89 35
12 94 45
12 96 85
13 1 81
13 2 11
13 4 37
13 5 97
13 8 69
13 9 57
13 12 85
13 15 53
13 16 69
13 20 81
13 21 59
13 23 53
13 24 23
13 29 59
13 31 89
13 32 75
13 36 77
13 38 11
13 39 95
13 41 11
13 50 73
13 52 49
13 53 65
13 54 55
13 55 55
13 57 59
13 59 69
13 61 87
13 63 29
13 64 11
13 67 79
13 69 35
13 70 23
13 73 19
13 74 49
13 75 25
13 81 85
13 82 41
13 84 13
13 88 29
13 89 23
13 91 61
13 96 17
14 0 89
14 1 95
14 3 35
14 4 97
14 7 87
14 11 77
14 15 47
14 19 91
14 20 79
14 25 25
14 26 41
14 27 69
14 28 17
14 30 97
14 31 53
14 33 73
14 36 43
14 38 45
14 40 25
14 41 15
14 44 35
14 47 91
14 48 97
14 51 43
14 55 83
14 57 19
14 61 87
14 64 25
14 65 55
14 67 29
14 68 57
14 69 15
14 70 77
14 73 15
14 77 57
14 81 35
14 82 91
14 83 55
14 87 97
14 88 97
14 89 81
14 91 15
14 92 17
14 93 49
14 94 35
14 95 71
14 96 63
14 97 43
14 99 27
15 3 93
15 5 99
15 6 97
15 7 37
15 12 97
15 13 53
15 14 47
15 16 25
15 17 55
15 18 87
15 19 67
15 20 39
15 21 59
15 23 31
15 24 61
15 27 67
15 28 59
15 29 99
15 35 89
15 36 75
15 40 77
15 42 15
15 44 49
15 45 97
15 47 31
15 49 29
15 50 53
15 52 23
15 54 55
15 55 71
15 56 75
15 57 67
15 59 21
15 60 63
15 61 97
15 62 19
15 63 29
15 64 95
15 69 61
15 73 53
15 74 31
15 81 87
15 82 25
15 83 79
15 87 63
15 88 51
15 90 73
15 91 71
15 93 45
15 94 69
15 95 79
15 96 19
15 99 35
16 3 35
16 4 13
16 6 65
16 9 45
16 10 83
16 13 69
16 15 25
16 17 11
16 18 59
16 19 15
16 21 13
16 22 97
16 23 15
16 24 15
16 25 75
16 29 43
16 30 97
16 31 79
16 34 55
16 36 95
16 38 33
16 49 27
16 51 49
16 52 91
16 54 99
16 56 65
16 57 23
16 59 15
16 62 63
16 63 23
16 65 23
16 66 45
16 68 65
16 71 73
16 72 31
16 73 85
16 74 57
16 78 21
16 79 91
16 86 67
16 88 91
16 89 23
16 92 51
16 95 25
16 96 69
16 98 33
17 0 23
17 1 71
17 3 33
17 4 71
17 5 57
17 7 31
17 9 47
17 10 75
17 12 59
17 15 55
17 16 11
17 20 29
17 22 31
17 23 15
17 24 51
17 28 51
17 31 25
17 32 97
17 33 33
17 35 85
17 36 39
17 37 87
17 40 43
17 43 95
17 44 91
17 46 35
17 49 75
17 50 39
17 51 27
17 53 81
17 55 31
17 57 13
17 59 37
17 62 71
17 63 19
17 64 31
17 65 89
17 66 95
17 68 91
17 69 91
17 74 41
17 75 31
17 78 49
17 79 33
17 80 17
17 82 25
17 83 11
17 84 25
17 85 69
17 86 47
17 90 31
17 91 29
17 95 69
17 96 81
17 98 91
18 1 93
18 2 83
18 4 19
18 6 43
18 7 99
18 9 55
18 10 77
18 11 49
18 15 87
18 16 59
18 22 47
18 24 33
18 25 87
18 26 13
18 28 93
18 29 21
18 32 13
18 33 29
18 37 93
18 39 13
18 41 43
18 42 65
18 44 33
18 45 35
18 49 13
18 50 17
18 51 63
18 55 87
18 56 25
18 59 97
18 60 29
18 62 91
18 69 87
18 72 67
18 75 81
18 76 95
18 77 89
18 82 67
18 86 63
18 93 57
18 98 51
19 0 31
19 1 13
19 3 45
19 5 93
19 8 51
19 10 51
19 12 47
19 14 91
19 15 67
19 16 15
19 21 55
19 23 77
19 24 49
19 25 27
19 28 83
19 31 59
19 32 59
19 33 87
19 36 27
19 40 41
19 42 63
19 43 85
19 50 17
19 53 37
19 54 11
19 56 61
19 59 21
19 63 49
19 64 31
19 66 55
19 71 91
19 74 17
19 75 17
19 76 11
19 78 69
19 79 95
19 80 15
19 81 97
19 82 41
19 86 95
19 89 55
19 93 19
19 94 17
19 95 75
19 97 93
19 98 49
20 2 71
20 4 53
20 5 45
20 6 55
20 7 13
20 11 65
20 13 81
20 14 79
20 15 39
20 17 29
20 21 35
20 23 65
20 28 71
20 29 81
20 35 15
20 36 77
20 37 75
20 40 99
20 42 53
20 43 77
20 44 79
20 45 13
20 47 25
20 48 23
20 49 15
20 50 29
20 51 45
20 52 55
20 54 47
20 57 35
20 60 69
20 61 69
20 62 19
20 63 23
20 64 55
20 66 19
20 70 91
20 72 71
20 80 13
20 83 95
20 84 99
20 86 39
20 88 93
20 89 25
20 91 89
20 92 47
20 98 39
21 3 67
21 8 69
21 12 61
21 13 59
21 15 59
21 16 13
21 19 55
21 20 35
21 22 21
21 23 87
21 24 85
21 25 45
21 26 19
21 27 75
21 32 49
21 34 59
21 37 67
21 40 51
21 43 83
21 44 31
21 46 43
21 47 71
21 48 53
21 52 75
21 53 77
21 54 57
21 56 19
21 60 23
21 62 19
21 69 81
21 71 17
21 72 21
21 76 19
21 77 49
21 78 95
21 79 83
21 82 71
21 83 79
21 86 85
21 89 75
21 91 51
21 93 27
21 94 61
21 95 79
22 0 25
22 2 45
22 3 23
22 4 73
22 5 83
22 6 47
22 10 45
22 11 75
22 12 83
22 16 97
22 17 31
22 18 47
22 21 21
22 24 65
22 25 75
22 26 23
22 33 71
22 34 33
22 35 67
22 37 29
22 46 79
22 54 11
22 56 59
22 57 79
22 59 11
22 62 75
22 67 43
22 68 91
22 69 33
22 70 17
22 73 81
22 74 25
22 75 43
22 76 41
22 77 75
22 81 61
22 82 31
22 84 13
22 85 97
22 86 91
22 88 87
22 89 13
22 91 47
22 94 15
22 97 29
23 2 83
23 3 55
23 4 31
23 5 99
23 8 91
23 9 71
23 10 33
23 11 13
23 12 97
23 13 53
23 15 31
23 16 15
23 17 15
23 19 77
23 20 65
23 21 87
23 24 67
23 25 39
23 27 29
23 30 31
23 34 91
23 35 69
23 37 51
23 41 43
23 42 31
23 44 55
23 46 89
23 49 97
23 53 79
23 55 45
23 57 69
23 63 19
23 69 47
23 70 91
23 72 39
23 73 87
23 76 31
23 80 53
23 81 29
23 85 19
23 89 63
23 90 53
23 92 75
23 94 81
23 97 87
23 98 43
23 99 75
24 4 77
24 11 19
24 12 93
24 13 23
24 15 61
24 16 15
24 17 51
24 18 33
24 19 49
24 21 85
24 22 65
24 23 67
24 25 19
24 26 61
24 29 41
24 30 81
24 31 89
24 32 77
24 34 65
24 35 17
24 40 81
24 42 73
24 43 55
24 45 77
24 47 53
24 48 69
24 51 99
24 53 93
24 54 45
24 55 71
24 57 43
24 58 51
24 59 81
24 60 23
24 68 61
24 70 27
24 72 69
24 79 37
24 81 61
24 82 11
24 85 53
24 86 45
24 89 55
24 91 67
24 93 87
24 96 47
24 99 83
25 6 79
25 8 39
25 9 79
25 11 97
25 14 25
25 16 75
25 18 87
25 19 27
25 21 45
25 22 75
25 23 39
25 24 19
25 28 17
25 29 33
25 31 31
25 37 85
25 38 77
25 39 13
25 40 67
25 41 11
25 44 67
25 45 81
25 51 55
25 55 61
25 56 99
25 59 83
25 60 79
25 61 41
25 65 73
25 66 87
25 68 81
25 71 59
25 74 91
25 76 97
25 78 37
25 81 89
25 84 23
25 89 81
25 92 75
25 94 43
25 96 55
26 0 51
26 3 43
26 9 27
26 12 13
26 14 41
26 18 13
26 21 19
26 22 23
26 24 61
26 27 61
26 29 77
26 31 91
26 32 97
26 35 21
26 39 53
26 40 61
26 45 89
26 48 87
26 49 15
26 51 31
26 52 77
26 53 11
26 54 19
26 57 47
26 64 27
26 69 43
26 70 21
26 74 73
26 78 23
26 87 23
26 88 39
26 89 15
26 93 45
26 94 33
26 98 27
27 0 73
27 3 31
27 4 45
27 7 65
27 8 49
27 11 73
27 12 23
27 14 69
27 15 67
27 21 75
27 23 29
27 26 61
27 28 77
27 30 47
27 32 75
27 38 41
27 39 11
27 40 63
27 41 29
27 47 97
27 48 83
27 49 73
27 50 95
27 51 59
27 53 25
27 55 55
27 56 29
27 57 51
27 59 37
27 60 63
27 63 89
27 64 95
27 65 13
27 66 25
27 67 87
27 68 37
27 70 49
27 71 87
27 72 15
27 73 33
27 77 29
27 80 69
27 81 95
27 83 79
27 86 83
27 88 29
27 90 83
27 93 57
27 95 83
27 97 57
28 0 63
28 1 93
28 2 63
28 6 71
28 7 75
28 9 45
28 10 75
28 11 13
28 14 17
28 15 59
28 17 51
28 18 93
28 19 83
28 20 71
28 25 17
28 27 77
28 29 37
28 30 67
28 31 45
28 32 91
28 33 41
28 35 95
28 36 59
28 38 75
28 39 89
28 40 37
28 41 57
28 42 93
28 43 77
28 46 87
28 47 49
28 48 67
28 50 95
28 51 55
28 54 87
28 56 55
28 57 77
28 60 69
28 61 71
28 62 35
28 66 85
28 67 57
28 68 71
28 71 33
28 72 79
28 74 71
28 75 37
28 76 29
28 78 63
28 80 31
28 81 39
28 82 65
28 84 39
28 87 17
28 89 43
28 90 49
28 92 51
28 93 55
28 94 79
28 98 81
29 0 93
29 1 75
29 2 89
29 3 45
29 5 33
29 7 31
29 8 71
29 9 51
29 11 33
29 12 73
29 13 59
29 15 99
29 16 43
29 18 21
29 20 81
29 24 41
29 25 33
29 26 77
29 28 37
29 30 77
29 34 11
29 37 63
29 38 21
29 39 71
29 40 49
29 41 99
29 43 37
29 44 77
29 45 29
29 48 45
29 49 53
29 50 61
29 54 51
29 55 21
29 57 51
29 59 33
29 62 27
29 63 65
29 67 63
29 69 33
29 70 71
29 71 83
29 72 51
29 74 17
29 81 19
29 86 93
29 87 71
29 90 69
29 92 95
29 93 45
29 94 43
29 95 15
29 97 69
29 98 47
29 99 41
30 0 79
30 1 17
30 2 49
30 5 57
30 6 13
30 10 67
30 12 97
30 14 97
30 16 97
30 23 31
30 24 81
30 27 47
30 28 67
30 29 77
30 31 57
30 35 59
30 36 67
30 40 95
30 41 91
30 42 87
30 44 27
30 45 41
30 46 67
30 47 17
30 49 89
30 51 65
30 52 29
30 56 65
30 57 43
30 58 47
30 61 17
30 63 13
30 64 15
30 65 73
30 69 23
30 70 21
30 71 15
30 73 55
30 75 27
30 77 91
30 78 35
30 79 39
30 81 85
30 82 15
30 85 27
30 86 67
30 90 79
30 92 41
30 93 65
30 95 71
30 99 89
31 0 73
31 1 19
31 5 31
31 6 39
31 8 73
31 10 85
31 11 41
31 12 89
31 13 89
31 14 53
31 16 79
31 17 25
31 19 59
31 24 89
31 25 31
31 26 91
31 28 45
31 30 57
31 32 97
31 35 25
31 36 29
31 37 61
31 39 61
31 43 41
31 46 43
31 48 99
31 49 45
31 50 69
31 52 41
31 53 83
31 54 75
31 55 75
31 59 79
31 62 51
31 68 15
31 69 17
31 70 11
31 71 57
31 74 75
31 75 41
31 77 91
31 80 49
31 81 45
31 83 99
31 84 89
31 85 29
31 86 83
31 87 47
31 93 99
31 94 79
31 96 65
31 97 71
31 98 19
32 0 19
32 1 35
32 3 65
32 5 27
32 6 33
32 8 51
32 9 91
32 12 71
32 13 75
32 17 97
32 18 13
32 19 59
32 21 49
32 24 77
32 26 97
32 27 75
32 28 91
32 31 97
32 35 27
32 39 65
32 41 77
32 44 43
32 48 51
32 49 49
32 50 63
32 61 25
32 63 35
32 65 17
32 67 87
32 68 63
32 69 73
32 71 69
32 72 41
32 73 57
32 76 97
32 80 45
32 81 77
32 83 77
32 84 23
32 85 95
32 87 53
32 88 89
32 94 61
32 96 91
32 99 49
33 1 87
33 4 55
33 7 21
33 8 27
33 9 75
33 14 73
33 17 33
33 18 29
33 19 87
33 22 71
33 28 41
33 34 37
33 35 91
33 37 15
33 38 31
33 40 45
33 42 61
33 43 19
33 45 41
33 46 91
33 47 15
33 48 69
33 49 65
33 51 15
33 52 31
33 54 17
33 57 63
33 62 97
33 64 65
33 68 65
33 69 83
33 70 63
33 71 99
33 72 53
33 73 31
33 75 63
33 77 57
33 79 63
33 80 85
33 81 19
33 82 75
33 84 51
33 87 29
33 90 59
33 92 39
33 93 69
33 94 63
33 95 47
33 99 47
34 4 51
34 5 39
34 7 85
34 8 11
34 12 75
34 16 55
34 21 59
34 22 33
34 23 91
34 24 65
34 29 11
34 33 37
34 38 99
34 40 59
34 42 13
34 43 15
34 44 81
34 45 13
34 46 43
34 47 31
34 48 97
34 49 39
34 50 19
34 51 47
34 52 63
34 56 71
34 57 93
34 63 47
34 66 35
34 67 37
34 68 11
34 69 83
34 70 83
34 72 67
34 74 53
34 75 25
34 76 61
34 78 21
34 79 75
34 83 95
34 84 97
34 87 37
34 89 89
34 91 49
34 92 71
34 93 95
34 95 35
34 96 43
34 98 47
34 99 57
35 2 19
35 4 15
35 5 37
35 6 77
35 7 79
35 9 71
35 11 57
35 12 99
35 15 89
35 17 85
35 20 15
35 22 67
35 23 69
35 24 17
35 26 21
35 28 95
35 30 59
35 31 25
35 32 27
35 33 91
35 40 41
35 41 93
35 42 55
35 48 71
35 49 71
35 50 13
35 55 59
35 59 33
35 60 21
35 61 85
35 63 69
35 65 15
35 66 89
35 67 81
35 70 65
35 75 21
35 76 37
35 77 53
35 78 35
35 80 41
35 81 11
35 83 87
35 84 95
35 86 67
35 88 13
35 89 97
35 92 75
35 93 29
35 94 17
35 97 35
36 2 49
36 4 23
36 6 41
36 9 13
36 10 95
36 13 77
36 14 43
36 15 75
36 16 95
36 17 39
36 19 27
36 20 77
36 28 59
36 30 67
36 31 29
36 39 63
36 41 47
36 44 29
36 45 19
36 49 95
36 50 57
36 51 47
36 52 81
36 53 17
36 55 21
36 57 61
36 58 55
36 63 77
36 64 73
36 66 71
36 70 47
36 71 57
36 73 55
36 75 51
36 79 43
36 80 65
36 85 97
36 89 85
36 92 17
36 93 87
36 94 17
36 95 15
36 97 45
36 98 15
37 1 73
37 2 45
37 7 75
37 9 95
37 10 67
37 11 33
37 17 87
37 18 93
37 20 75
37 21 67
37 22 29
37 23 51
37 25 85
37 29 63
37 31 61
37 33 15
37 38 45
37 39 11
37 42 99
37 47 37
37 50 99
37 61 67
37 62 71
37 64 47
37 65 37
37 67 57
37 72 17
37 73 35
37 77 33
37 78 73
37 79 37
37 83 29
37 87 87
37 89 69
37 92 33
37 93 79
37 95 75
37 98 31
38 0 75
38 1 63
38 2 35
38 4 81
38 7 21
38 8 61
38 11 49
38 13 11
38 14 45
38 16 33
38 25 77
38 27 41
38 28 75
38 29 21
38 33 31
38 34 99
38 37 45
38 40 17
38 42 89
38 43 99
38 44 97
38 45 85
38 46 93
38 51 63
38 55 99
38 56 27
38 57 61
38 58 13
38 59 23
38 60 29
38 61 17
38 63 49
38 65 65
38 66 63
38 68 27
38 70 17
38 71 91
38 72 73
38 73 23
38 75 25
38 77 65
38 78 75
38 79 81
38 84 49
38 86 57
38 91 69
38 92 59
38 95 27
38 99 91
39 0 21
39 1 99
39 3 71
39 6 47
39 7 79
39 9 91
39 11 31
39 12 15
39 13 95
39 18 13
39 25 13
39 26 53
39 27 11
39 28 89
39 29 71
39 31 61
39 32 65
39 36 63
39 37 11
39 40 31
39 42 67
39 44 59
39 46 77
39 48 33
39 51 67
39 52 41
39 56 69
39 57 51
39 61 79
39 62 31
39 64 19
39 66 83
39 67 31
39 71 59
39 77 49
39 78 57
39 81 47
39 84 37
39 86 71
39 89 83
39 90 71
39 92 21
39 93 33
39 94 83
39 96 97
40 2 91
40 4 15
40 9 57
40 11 65
40 14 25
40 15 77
40 17 43
40 19 41
40 20 99
40 21 51
40 24 81
40 25 67
40 26 61
40 27 63
40 28 37
40 29 49
40 30 95
40 33 45
40 34 59
40 35 41
40 38 17
40 39 31
40 45 81
40 46 29
40 54 71
40 56 55
40 59 69
40 61 51
40 62 77
40 63 75
40 64 31
40 65 45
40 66 51
40 68 73
40 69 59
40 70 61
40 71 65
40 73 87
40 76 93
40 80 89
40 81 73
40 82 35
40 83 39
40 86 21
40 89 77
40 90 61
40 91 71
40 92 13
40 94 79
40 96 31
40 97 87
41 0 35
41 3 85
41 5 41
41 6 73
41 7 33
41 12 13
41 13 11
41 14 15
41 18 43
41 23 43
41 25 11
41 27 29
41 28 57
41 29 99
41 30 91
41 32 77
41 35 93
41 36 47
41 43 35
41 45 17
41 46 11
41 47 69
41 48 39
41 51 43
41 55 27
41 57 81
41 58 85
41 59 71
41 61 39
41 62 43
41 63 55
41 64 37
41 65 17
41 67 87
41 71 23
41 73 69
41 76 95
41 77 47
41 78 11
41 80 59
41 83 87
41 85 13
41 86 73
41 87 65
41 90 55
41 91 27
41 93 37
41 94 13
41 95 11
41 96 37
41 99 99
42 0 69
42 1 23
42 3 67
42 8 25
42 9 43
42 10 45
42 12 17
42 15 15
42 18 65
42 19 63
42 20 53
42 23 31
42 24 73
42 28 93
42 30 87
42 33 61
42 34 13
42 35 55
42 37 99
42 38 89
42 39 67
42 43 33
42 45 95
42 46 37
42 47 71
42 49 43
42 50 21
42 55 57
42 58 63
42 59 99
42 64 45
42 68 91
42 69 89
42 71 67
42 73 91
42 75 71
42 82 49
42 86 39
42 88 57
42 96 49
42 99 87
43 0 51
43 2 75
43 3 35
43 6 77
43 8 45
43 11 99
43 17 95
43 19 85
43 20 77
43 21 83
43 24 55
43 28 77
43 29 37
43 31 41
43 33 19
43 34 15
43 38 99
43 41 35
43 42 33
43 45 41
43 47 63
43 49 55
43 54 77
43 56 59
43 57 85
43 59 25
43 63 45
43 64 91
43 66 91
43 67 87
43 68 35
43 69 55
43 70 21
43 71 43
43 72 25
43 73 89
43 74 65
43 76 23
43 77 39
43 78 43
43 81 41
43 84 87
43 85 19
43 86 55
43 87 91
43 89 21
43 90 69
43 93 31
43 94 85
43 96 97
43 97 99
43 98 65
43 99 85
44 0 97
44 2 41
44 3 91
44 4 61
44 5 35
44 6 33
44 7 97
44 8 31
44 12 85
44 14 35
44 15 49
44 17 91
44 18 33
44 20 79
44 21 31
44 23 55
44 25 67
44 29 77
44 30 27
44 32 43
44 34 81
44 36 29
44 38 97
44 39 59
44 45 73
44 49 93
44 51 35
44 52 67
44 55 49
44 57 81
44 58 29
44 60 21
44 61 51
44 62 75
44 63 67
44 67 61
44 70 67
44 71 27
44 72 65
44 73 65
44 74 23
44 75 83
44 77 11
44 80 29
44 82 65
44 85 45
44 86 57
44 87 91
44 88 69
44 90 25
44 91 67
44 93 81
44 94 75
44 96 47
44 98 81
44 99 37
45 0 87
45 3 75
45 4 11
45 5 93
45 9 25
45 10 61
45 15 97
45 18 35
45 20 13
45 24 77
45 25 81
45 26 89
45 29 29
45 30 41
45 33 41
45 34 13
45 36 19
45 38 85
45 40 81
45 41 17
45 42 95
45 43 41
45 44 73
45 46 77
45 47 87
45 48 25
45 52 33
45 53 59
45 54 21
45 55 89
45 56 73
45 58 89
45 59 49
45 60 45
45 63 23
45 64 25
45 66 95
45 67 43
45 68 99
45 71 65
45 72 11
45 73 73
45 75 77
45 80 15
45 83 87
45 86 59
45 87 91
45 88 83
45 98 23
45 99 41
46 1 37
46 4 83
46 6 75
46 7 29
46 8 27
46 9 77
46 10 97
46 11 77
46 12 29
46 17 35
46 21 43
46 22 79
46 23 89
46 28 87
46 30 67
46 31 43
46 33 91
46 34 43
46 38 93
46 39 77
46 40 29
46 41 11
46 42 37
46 45 77
46 50 15
46 54 45
46 55 53
46 58 85
46 60 41
46 61 45
46 63 29
46 64 23
46 67 79
46 68 17
46 70 99
46 72 21
46 76 55
46 79 25
46 84 23
46 85 37
46 88 63
46 90 37
46 93 79
46 94 33
46 95 19
46 96 37
47 1 43
47 5 73
47 7 93
47 8 75
47 11 21
47 14 91
47 15 31
47 20 25
47 21 71
47 24 53
47 27 97
47 28 49
47 30 17
47 33 15
47 34 31
47 37 37
47 41 69
47 42 71
47 43 63
47 45 87
47 48 17
47 52 63
47 53 19
47 56 89
47 57 63
47 59 69
47 62 59
47 64 29
47 65 95
47 72 21
47 73 95
47 75 23
47 78 69
47 79 79
47 80 79
47 82 61
47 83 61
47 85 23
47 87 25
47 88 37
47 91 65
47 93 67
47 96 79
47 99 35
48 0 71
48 1 37
48 3 11
48 4 83
48 5 45
48 6 65
48 9 17
48 10 63
48 11 45
48 14 97
48 20 23
48 21 53
48 24 69
48 26 87
48 27 83
48 28 67
48 29 45
48 31 99
48 32 51
48 33 69
48 34 97
48 35 71
48 39 33
48 41 39
48 45 25
48 47 17
48 49 69
48 53 41
48 54 21
48 55 91
48 56 95
48 57 39
48 58 43
48 61 71
48 62 19
48 65 17
48 69 85
48 71 93
48 74 37
48 75 11
48 77 35
48 78 43
48 79 19
48 84 85
48 85 93
48 87 79
48 91 55
48 94 85
48 96 11
48 98 69
48 99 79
49 1 51
49 2 95
49 3 81
49 6 43
49 8 35
49 9 41
49 10 21
49 12 63
49 15 29
49 16 27
49 17 75
49 18 13
49 20 15
49 23 97
49 26 15
49 27 73
49 29 53
49 30 89
49 31 45
49 32 49
49 33 65
49 34 39
49 35 71
49 36 95
49 42 43
49 43 55
49 44 93
49 48 69
49 50 27
49 54 63
49 57 55
49 59 19
49 60 89
49 62 33
49 63 43
49 65 33
49 67 19
49 68 57
49 70 23
49 73 55
49 74 99
49 75 17
49 76 43
49 77 77
49 78 93
49 79 31
49 80 99
49 88 19
49 90 71
49 92 57
49 93 29
49 94 63
49 95 41
50 0 17
50 2 25
50 6 47
50 9 93
50 12 93
50 13 73
50 15 53
50 17 39
50 18 17
50 19 17
50 20 29
50 27 95
50 28 95
50 29 61
50 31 69
50 32 63
50 34 19
50 35 13
50 36 57
50 37 99
50 42 21
50 46 15
50 49 27
50 55 25
50 56 27
50 57 99
50 58 83
50 61 65
50 67 15
50 69 71
50 70 77
50 71 75
50 72 91
50 73 37
50 78 91
50 80 43
50 83 21
50 84 43
50 85 23
50 86 55
50 87 13
50 94 67
50 99 33
51 1 21
51 3 87
51 4 71
51 5 25
51 6 41
51 7 77
51 8 19
51 9 93
51 10 45
51 14 43
51 16 49
51 17 27
51 18 63
51 20 45
51 24 99
51 25 55
51 26 31
51 27 59
51 28 55
51 30 65
51 33 15
51 34 47
51 36 47
51 38 63
51 39 67
51 41 43
51 44 35
51 53 83
51 56 29
51 57 15
51 59 85
51 60 33
51 61 13
51 62 29
51 63 21
51 68 53
51 71 71
51 72 47
51 74 97
51 75 35
51 76 37
51 81 37
51 82 79
51 84 67
51 86 25
51 87 41
51 90 95
51 91 55
51 94 97
51 99 45
52 0 21
52 3 71
52 4 23
52 6 79
52 7 37
52 11 89
52 12 15
52 13 49
52 15 23
52 16 91
52 20 55
52 21 75
52 26 77
52 30 29
52 31 41
52 33 31
52 34 63
52 36 81
52 39 41
52 44 67
52 45 33
52 47 63
52 56 41
52 57 17
52 58 13
52 63 55
52 64 75
52 65 25
52 67 89
52 70 43
52 74 99
52 76 91
52 77 43
52 78 81
52 80 43
52 81 25
52 84 11
52 85 65
52 86 13
52 88 39
52 89 87
52 90 89
52 91 17
52 92 51
52 93 81
52 94 77
52 99 65
53 1 29
53 2 95
53 5 21
53 7 35
53 8 91
53 9 75
53 10 53
53 12 61
53 13 65
53 17 81
53 19 37
53 21 77
53 23 79
53 24 93
53 26 11
53 27 25
53 31 83
53 36 17
53 45 59
53 47 19
53 48 41
53 51 83
53 54 25
53 55 61
53 56 67
53 59 93
53 61 81
53 67 95
53 76 69
53 80 49
53 82 59
53 83 95
53 84 61
53 87 79
53 90 19
53 92 99
53 96 49
53 97 77
53 98 27
53 99 27
54 1 93
54 3 53
54 5 49
54 6 91
54 7 65
54 8 41
54 9 33
54 10 27
54 12 71
54 13 55
54 15 55
54 16 99
54 19 11
54 20 47
54 21 57
54 22 11
54 24 45
54 26 19
54 28 87
54 29 51
54 31 75
54 33 17
54 40 71
54 43 77
54 45 21
54 46 45
54 48 21
54 49 63
54 53 25
54 55 17
54 56 51
54 57 83
54 62 91
54 65 17
54 66 53
54 68 79
54 69 93
54 70 13
54 73 55
54 74 81
54 77 37
54 81 35
54 85 77
54 89 87
54 93 81
54 96 89
54 99 89
55 0 95
55 1 15
55 5 65
55 8 75
55 9 55
55 10 93
55 11 33
55 13 55
55 14 83
55 15 71
55 17 31
55 18 87
55 23 45
55 24 71
55 25 61
55 27 55
55 29 21
55 31 75
55 35 59
55 36 21
55 38 99
55 41 27
55 42 57
55 44 49
55 45 89
55 46 53
55 48 91
55 50 25
55 53 61
55 54 17
55 56 33
55 57 45
55 58 31
55 59 39
55 60 13
55 62 13
55 63 47
55 64 63
55 65 63
55 67 19
55 68 49
55 69 33
55 73 31
55 77 95
55 78 63
55 79 59
55 81 43
55 82 29
55 84 33
55 87 61
55 88 85
55 91 73
55 93 37
55 97 33
55 99 13
56 0 21
56 1 73
56 3 49
56 6 35
56 9 71
56 10 85
56 11 87
56 12 29
56 15 75
56 16 65
56 18 25
56 19 61
56 21 19
56 22 59
56 25 99
56 27 29
56 28 55
56 30 65
56 34 71
56 38 27
56 39 69
56 40 55
56 43 59
56 45 73
56 47 89
56 48 95
56 50 27
56 51 29
56 52 41
56 53 67
56 54 51
56 55 33
56 58 43
56 61 25
56 64 11
56 67 13
56 70 51
56 71 67
56 72 39
56 76 69
56 78 83
56 79 27
56 80 75
56 82 99
56 84 35
56 85 43
56 86 69
56 87 37
56 90 53
56 91 63
56 96 59
56 98 35
56 99 99
57 2 11
57 3 31
57 6 33
57 8 35
57 9 31
57 12 75
57 13 59
57 14 19
57 15 67
57 16 23
57 17 13
57 20 35
57 22 79
57 23 69
57 24 43
57 26 47
57 27 51
57 28 77
57 29 51
57 30 43
57 33 63
57 34 93
57 36 61
57 38 61
57 39 51
57 41 81
57 43 85
57 44 81
57 47 63
57 48 39
57 49 55
57 50 99
57 51 15
57 52 17
57 54 83
57 55 45
57 58 81
57 59 19
57 61 51
57 62 83
57 63 95
57 64 47
57 67 53
57 68 87
57 69 75
57 70 35
57 74 51
57 76 71
57 77 11
57 78 53
57 80 51
57 82 55
57 84 53
57 89 21
57 90 15
57 91 27
57 94 45
57 96 31
57 97 49
57 98 55
57 99 91
58 0 37
58 3 17
58 5 87
58 6 53
58 9 15
58 10 63
58 11 39
58 24 51
58 30 47
58 36 55
58 38 13
58 41 85
58 42 63
58 44 29
58 45 89
58 46 85
58 48 43
58 50 83
58 52 13
58 55 31
58 56 43
58 57 81
58 60 31
58 66 23
58 67 53
58 68 21
58 69 85
58 72 53
58 74 19
58 76 49
58 80 43
58 81 43
58 84 93
58 89 13
58 91 69
58 97 99
59 3 39
59 5 99
59 7 21
59 9 67
59 10 17
59 13 69
59 15 21
59 16 15
59 17 37
59 18 97
59 19 21
59 22 11
59 24 81
59 25 83
59 27 37
59 29 33
59 31 79
59 35 33
59 38 23
59 40 69
59 41 71
59 42 99
59 43 25
59 45 49
59 47 69
59 49 19
59 51 85
59 53 93
59 55 39
59 57 19
59 61 19
59 62 31
59 63 57
59 64 37
59 66 13
59 69 61
59 70 99
59 72 13
59 73 83
59 74 15
59 76 25
59 77 45
59 78 23
59 79 71
59 81 77
59 82 71
59 84 71
59 86 61
59 87 21
59 88 29
59 90 93
59 95 15
59 96 57
59 97 33
59 98 15
60 2 61
60 7 81
60 10 19
60 11 33
60 15 63
60 18 29
60 20 69
60 21 23
60 24 23
60 25 79
60 27 63
60 28 69
60 35 21
60 38 29
60 44 21
60 45 45
60 46 41
60 49 89
60 51 33
60 55 13
60 58 31
60 63 65
60 64 77
60 67 13
60 69 27
60 70 51
60 71 83
60 72 97
60 73 33
60 78 23
60 79 25
60 85 81
60 86 69
60 88 53
60 89 19
60 91 25
60 94 79
60 97 51
60 99 15
61 1 97
61 3 39
61 5 29
61 6 95
61 7 27
61 8 83
61 9 63
61 11 61
61 12 87
61 13 87
61 14 87
61 15 97
61 20 69
61 25 41
61 28 71
61 30 17
61 32 25
61 35 85
61 37 67
61 38 17
61 39 79
61 40 51
61 41 39
61 44 51
61 46 45
61 48 71
61 50 65
61 51 13
61 53 81
61 56 25
61 57 51
61 59 19
61 62 51
61 66 45
61 68 29
61 71 51
61 72 15
61 73 71
61 76 49
61 77 23
61 79 81
61 81 27
61 82 65
61 85 81
61 86 83
61 88 37
61 89 21
61 92 67
61 94 31
61 95 81
61 98 53
61 99 23
62 0 17
62 2 49
62 4 23
62 8 67
62 10 15
62 11 49
62 12 63
62 15 19
62 16 63
62 17 71
62 18 91
62 20 19
62 21 19
62 22 75
62 28 35
62 29 27
62 31 51
62 33 97
62 37 71
62 39 31
62 40 77
62 41 43
62 44 75
62 47 59
62 48 19
62 49 33
62 51 29
62 54 91
62 55 13
62 57 83
62 59 31
62 61 51
62 68 39
62 69 69
62 71 29
62 72 47
62 73 51
62 75 53
62 77 63
62 78 51
62 79 61
62 80 59
62 82 43
62 84 59
62 88 15
62 89 89
62 90 65
62 91 11
62 95 23
62 96 53
62 97 33
62 98 73
62 99 49
63 1 81
63 2 91
63 8 25
63 9 61
63 10 95
63 11 93
63 13 29
63 15 29
63 16 23
63 17 19
63 19 49
63 20 23
63 23 19
63 27 89
63 29 65
63 30 13
63 32 35
63 34 47
63 35 69
63 36 77
63 38 49
63 40 75
63 41 55
63 43 45
63 44 67
63 45 23
63 46 29
63 49 43
63 51 21
63 52 55
63 55 47
63 57 95
63 59 57
63 60 65
63 64 69
63 68 81
63 70 47
63 73 35
63 74 47
63 80 11
63 82 89
63 83 83
63 85 15
63 87 21
63 88 19
63 91 77
63 94 73
63 95 45
63 97 37
63 98 73
64 0 99
64 3 75
64 5 87
64 7 35
64 9 55
64 10 97
64 13 11
64 14 25
64 15 95
64 17 31
64 19 31
64 20 55
64 26 27
64 27 95
64 30 15
64 33 65
64 36 73
64 37 47
64 39 19
64 40 31
64 41 37
64 42 45
64 43 91
64 45 25
64 46 23
64 47 29
64 52 75
64 55 63
64 56 11
64 57 47
64 59 37
64 60 77
64 63 69
64 65 53
64 66 25
64 68 49
64 69 11
64 74 35
64 75 73
64 76 13
64 79 31
64 81 19
64 85 21
64 86 15
64 87 49
64 88 21
64 89 83
64 91 49
64 93 31
64 94 73
64 95 89
64 97 67
64 99 83
65 2 33
65 4 47
65 8 39
65 9 73
65 10 53
65 11 27
65 12 71
65 14 55
65 16 23
65 17 89
65 25 73
65 27 13
65 30 73
65 32 17
65 35 15
65 37 37
65 38 65
65 40 45
65 41 17
65 47 95
65 48 17
65 49 33
65 52 25
65 54 17
65 55 63
65 64 53
65 67 67
65 68 11
65 69 11
65 70 99
65 71 91
65 75 85
65 78 15
65 80 53
65 81 81
65 82 65
65 83 39
65 84 15
65 97 89
65 98 81
65 99 97
66 0 29
66 3 23
66 4 17
66 6 45
66 10 55
66 16 45
66 17 95
66 19 55
66 20 19
66 25 87
66 27 25
66 28 85
66 34 35
66 35 89
66 36 71
66 38 63
66 39 83
66 40 51
66 43 91
66 45 95
66 54 53
66 58 23
66 59 13
66 61 45
66 64 25
66 68 79
66 69 99
66 72 77
66 73 41
66 74 89
66 75 35
66 78 63
66 80 99
66 81 59
66 84 35
66 87 15
66 90 69
66 97 25
67 3 11
67 6 95
67 7 61
67 9 89
67 10 31
67 11 11
67 12 37
67 13 79
67 14 29
67 22 43
67 27 87
67 28 57
67 29 63
67 32 87
67 34 37
67 35 81
67 37 57
67 39 31
67 41 87
67 43 87
67 44 61
67 45 43
67 46 79
67 49 19
67 50 15
67 52 89
67 53 95
67 55 19
67 56 13
67 57 53
67 58 53
67 60 13
67 65 67
67 69 37
67 70 37
67 71 75
67 73 47
67 76 43
67 81 99
67 82 71
67 85 35
67 86 63
67 87 49
67 88 47
67 90 71
67 92 61
67 96 73
67 99 55
68 0 97
68 1 17
68 2 57
68 4 51
68 7 57
68 8 75
68 10 21
68 12 21
68 14 57
68 16 65
68 17 91
68 22 91
68 24 61
68 25 81
68 27 37
68 28 71
68 31 15
68 32 63
68 33 65
68 34 11
68 38 27
68 40 73
68 42 91
68 43 35
68 45 99
68 46 17
68 49 57
68 51 53
68 54 79
68 55 49
68 57 87
68 58 21
68 61 29
68 62 39
68 63 81
68 64 49
68 65 11
68 66 79
68 70 27
68 75 19
68 76 35
68 79 49
68 81 29
68 82 83
68 83 21
68 85 69
68 86 55
68 87 39
68 88 13
68 89 87
68 91 91
68 92 41
68 93 89
68 94 59
68 95 57
68 98 19
69 0 21
69 3 29
69 4 69
69 6 25
69 7 69
69 10 43
69 12 25
69 13 35
69 14 15
69 15 61
69 17 91
69 18 87
69 21 81
69 22 33
69 23 47
69 26 43
69 29 33
69 30 23
69 31 17
69 32 73
69 33 83
69 34 83
69 40 59
69 42 89
69 43 55
69 48 85
69 50 71
69 54 93
69 55 33
69 57 75
69 58 85
69 59 61
69 60 27
69 62 69
69 64 11
69 65 11
69 66 99
69 67 37
69 73 85
69 74 63
69 78 71
69 80 87
69 81 83
69 82 47
69 84 87
69 87 35
69 89 95
69 90 31
69 92 51
69 93 99
69 95 63
69 96 63
69 99 11
70 1 29
70 3 29
70 4 41
70 6 59
70 8 23
70 9 75
70 11 75
70 13 23
70 14 77
70 20 91
70 22 17
70 23 91
70 24 27
70 26 21
70 27 49
70 29 71
70 30 21
70 31 11
70 33 63
70 34 83
70 35 65
70 36 47
70 38 17
70 40 61
70 43 21
70 44 67
70 46 99
70 49 23
70 50 77
70 52 43
70 54 13
70 56 51
70 57 35
70 59 99
70 60 51
70 63 47
70 65 99
70 67 37
70 68 27
70 73 37
70 74 49
70 76 39
70 77 45
70 78 79
70 81 89
70 82 47
70 84 31
70 85 47
70 86 73
70 97 57
71 2 17
71 3 65
71 4 45
71 10 95
71 12 19
71 16 73
71 19 91
71 21 17
71 25 59
71 27 87
71 28 33
71 29 83
71 30 15
71 31 57
71 32 69
71 33 99
71 36 57
71 38 91
71 39 59
71 40 65
71 41 23
71 42 67
71 43 43
71 44 27
71 45 65
71 48 93
71 50 75
71 51 71
71 56 67
71 60 83
71 61 51
71 62 29
71 65 91
71 67 75
71 72 23
71 76 63
71 92 99
71 93 89
71 96 73
71 97 73
71 99 97
72 1 69
72 2 81
72 6 15
72 7 17
72 8 99
72 10 41
72 16 31
72 18 67
72 20 71
72 21 21
72 23 39
72 24 69
72 27 15
72 28 79
72 29 51
72 32 41
72 33 53
72 34 67
72 37 17
72 38 73
72 43 25
72 44 65
72 45 11
72 46 21
72 47 21
72 50 91
72 51 47
72 56 39
72 58 53
72 59 13
72 60 97
72 61 15
72 62 47
72 66 77
72 71 23
72 79 33
72 81 77
72 82 25
72 83 17
72 85 21
72 86 53
72 93 45
72 94 45
72 96 77
72 97 49
73 3 23
73 5 15
73 6 99
73 7 97
73 8 11
73 9 95
73 10 51
73 12 87
73 13 19
73 14 15
73 15 53
73 16 85
73 22 81
73 23 87
73 27 33
73 30 55
73 32 57
73 33 31
73 36 55
73 37 35
73 38 23
73 40 87
73 41 69
73 42 91
73 43 89
73 44 65
73 45 73
73 47 95
73 49 55
73 50 37
73 54 55
73 55 31
73 59 83
73 60 33
73 61 71
73 62 51
73 63 35
73 66 41
73 67 47
73 69 85
73 70 37
73 74 71
73 76 43
73 77 69
73 79 19
73 82 71
73 84 33
73 86 39
73 91 23
73 93 41
73 94 97
73 97 71
73 99 29
74 0 97
74 1 15
74 2 95
74 9 53
74 10 51
74 11 61
74 13 49
74 15 31
74 16 57
74 17 41
74 19 17
74 22 25
74 25 91
74 26 73
74 28 71
74 29 17
74 31 75
74 34 53
74 43 65
74 44 23
74 48 37
74 49 99
74 51 97
74 52 99
74 54 81
74 57 51
74 58 19
74 59 15
74 63 47
74 64 35
74 66 89
74 69 63
74 70 49
74 73 71
74 79 55
74 80 35
74 83 63
74 84 49
74 85 87
74 87 37
74 90 13
74 91 39
74 92 95
74 93 61
74 95 11
74 98 45
74 99 49
75 1 61
75 2 31
75 5 41
75 7 31
75 9 99
75 11 45
75 13 25
75 17 31
75 18 81
75 19 17
75 22 43
75 28 37
75 30 27
75 31 41
75 33 63
75 34 25
75 35 21
75 36 51
75 38 25
75 42 71
75 44 83
75 45 77
75 47 23
75 48 11
75 49 17
75 51 35
75 62 53
75 64 73
75 65 85
75 66 35
75 68 19
75 78 41
75 82 35
75 86 39
75 87 57
75 90 31
75 91 85
75 92 35
75 93 41
75 94 89
75 95 49
76 1 23
76 2 91
76 3 53
76 8 37
76 9 21
76 11 21
76 12 21
76 18 95
76 19 11
76 21 19
76 22 41
76 23 31
76 25 97
76 28 29
76 32 97
76 34 61
76 35 37
76 40 93
76 41 95
76 43 23
76 46 55
76 49 43
76 51 37
76 52 91
76 53 69
76 56 69
76 57 71
76 58 49
76 59 25
76 61 49
76 64 13
76 67 43
76 68 35
76 70 39
76 71 63
76 73 43
76 79 63
76 81 73
76 82 93
76 83 77
76 85 73
76 86 31
76 88 31
76 89 95
76 91 41
76 92 97
76 95 19
76 97 17
76 98 67
76 99 41
77 5 11
77 6 59
77 7 51
77 8 65
77 10 47
77 14 57
77 18 89
77 21 49
77 22 75
77 27 29
77 30 91
77 31 91
77 33 57
77 35 53
77 37 33
77 38 65
77 39 49
77 41 47
77 43 39
77 44 11
77 48 35
77 49 77
77 52 43
77 54 37
77 55 95
77 57 11
77 59 45
77 61 23
77 62 63
77 70 45
77 73 69
77 79 11
77 81 59
77 83 57
77 84 69
77 85 63
77 86 47
77 90 97
77 91 25
77 92 15
77 94 73
77 98 63
78 9 37
78 11 99
78 12 97
78 16 21
78 17 49
78 19 69
78 21 95
78 25 37
78 26 23
78 28 63
78 30 35
78 34 21
78 35 35
78 37 73
78 38 75
78 39 57
78 41 11
78 43 43
78 47 69
78 48 43
78 49 93
78 50 91
78 52 81
78 55 63
78 56 83
78 57 53
78 59 23
78 60 23
78 62 51
78 65 15
78 66 63
78 69 71
78 70 79
78 75 41
78 79 21
78 82 63
78 83 15
78 84 59
78 85 45
78 86 89
78 88 37
78 90 95
78 91 95
78 92 47
78 93 65
78 94 85
78 96 99
78 98 83
79 0 21
79 1 67
79 3 99
79 6 23
79 10 97
79 11 45
79 12 29
79 16 91
79 17 33
79 19 95
79 21 83
79 24 37
79 30 39
79 33 63
79 34 75
79 36 43
79 37 37
79 38 81
79 46 25
79 47 79
79 48 19
79 49 31
79 55 59
79 56 27
79 59 71
79 60 25
79 61 81
79 62 61
79 64 31
79 68 49
79 72 33
79 73 19
79 74 55
79 76 63
79 77 11
79 78 21
79 80 21
79 82 85
79 83 95
79 84 51
79 85 91
79 86 31
79 88 47
79 89 71
79 90 27
79 91 39
79 94 11
79 95 89
79 96 51
79 98 11
79 99 21
80 1 65
80 3 29
80 10 31
80 12 73
80 17 17
80 19 15
80 20 13
80 23 53
80 27 69
80 28 31
80 31 49
80 32 45
80 33 85
80 35 41
80 36 65
80 40 89
80 41 59
80 44 29
80 45 15
80 47 79
80 49 99
80 50 43
80 52 43
80 53 49
80 56 75
80 57 51
80 58 43
80 62 59
80 63 11
80 65 53
80 66 99
80 69 87
80 74 35
80 79 21
80 85 95
80 86 51
80 89 99
80 91 81
80 93 89
80 94 79
80 95 33
80 97 77
80 99 91
81 0 89
81 1 19
81 5 71
81 6 95
81 11 87
81 12 63
81 13 85
81 14 35
81 15 87
81 19 97
81 22 61
81 23 29
81 24 61
81 25 89
81 27 95
81 28 39
81 29 19
81 30 85
81 31 45
81 32 77
81 33 19
81 35 11
81 39 47
81 40 73
81 43 41
81 51 37
81 52 25
81 54 35
81 55 43
81 58 43
81 59 77
81 61 27
81 64 19
81 65 81
81 66 59
81 67 99
81 68 29
81 69 83
81 70 89
81 72 77
81 76 73
81 77 59
81 87 73
81 88 35
81 93 43
81 95 31
81 96 63
81 97 35
82 4 75
82 7 77
82 9 59
82 10 25
82 11 83
82 12 47
82 13 41
82 14 91
82 15 25
82 17 25
82 18 67
82 19 41
82 21 71
82 22 31
82 24 11
82 28 65
82 30 15
82 33 75
82 40 35
82 42 49
82 44 65
82 47 61
82 51 79
82 53 59
82 55 29
82 56 99
82 57 55
82 59 71
82 61 65
82 62 43
82 63 89
82 65 65
82 67 71
82 68 83
82 69 47
82 70 47
82 72 25
82 73 71
82 75 35
82 76 93
82 78 63
82 79 85
82 85 33
82 86 95
82 88 95
82 91 95
82 95 71
82 96 13
82 97 97
82 99 11
83 0 93
83 2 37
83 4 83
83 6 95
83 7 27
83 11 13
83 12 91
83 14 55
83 15 79
83 17 11
83 20 95
83 21 79
83 27 79
83 31 99
83 32 77
83 34 95
83 35 87
83 37 29
83 40 39
83 41 87
83 45 87
83 47 61
83 50 21
83 53 95
83 63 83
83 65 39
83 68 21
83 72 17
83 74 63
83 76 77
83 77 57
83 78 15
83 79 95
83 84 17
83 85 93
83 86 93
83 88 41
83 90 67
83 91 75
83 93 33
83 98 95
84 0 31
84 1 65
84 2 87
84 5 51
84 6 89
84 13 13
84 17 25
84 20 99
84 22 13
84 25 23
84 28 39
84 31 89
84 32 23
84 33 51
84 34 97
84 35 95
84 38 49
84 39 37
84 43 87
84 46 23
84 48 85
84 50 43
84 51 67
84 52 11
84 53 61
84 55 33
84 56 35
84 57 53
84 58 93
84 59 71
84 62 59
84 65 15
84 66 35
84 69 87
84 70 31
84 73 33
84 74 49
84 77 69
84 78 59
84 79 51
84 83 17
84 85 65
84 87 55
84 88 13
84 89 17
84 90 61
84 91 41
84 93 19
84 96 59
84 98 55
84 99 63
85 1 81
85 2 51
85 3 41
85 5 77
85 11 55
85 12 39
85 17 69
85 22 97
85 23 19
85 24 53
85 30 27
85 31 29
85 32 95
85 36 97
85 41 13
85 43 19
85 44 45
85 46 37
85 47 23
85 48 93
85 50 23
85 52 65
85 54 77
85 56 43
85 60 81
85 61 81
85 63 15
85 64 21
85 67 35
85 68 69
85 70 47
85 72 21
85 74 87
85 76 73
85 77 63
85 78 45
85 79 91
85 80 95
85 82 33
85 83 93
85 84 65
85 86 47
85 88 19
85 89 37
85 90 81
85 91 77
85 94 35
85 96 51
85 98 53
86 0 77
86 1 83
86 3 71
86 4 59
86 6 23
86 7 99
86 11 13
86 12 17
86 16 67
86 17 47
86 18 63
86 19 95
86 20 39
86 21 85
86 22 91
86 24 45
86 27 83
86 29 93
86 30 67
86 31 83
86 35 67
86 38 57
86 39 71
86 40 21
86 41 73
86 42 39
86 43 55
86 44 57
86 45 59
86 50 55
86 51 25
86 52 13
86 56 69
86 59 61
86 60 69
86 61 83
86 64 15
86 67 63
86 68 55
86 70 73
86 72 53
86 73 39
86 75 39
86 76 31
86 77 47
86 78 89
86 79 31
86 80 51
86 82 95
86 83 93
86 85 47
86 88 59
86 90 67
86 92 45
86 96 87
86 99 59
87 0 99
87 1 31
87 3 85
87 4 43
87 6 77
87 7 99
87 12 71
87 14 97
87 15 63
87 26 23
87 28 17
87 29 71
87 31 47
87 32 53
87 33 29
87 34 37
87 37 87
87 41 65
87 43 91
87 44 91
87 45 91
87 47 25
87 48 79
87 50 13
87 51 41
87 53 79
87 55 61
87 56 37
87 59 21
87 63 21
87 64 49
87 66 15
87 67 49
87 68 39
87 69 35
87 74 37
87 75 57
87 81 73
87 84 55
87 88 61
87 89 83
87 90 11
87 91 67
87 92 13
87 93 19
87 94 15
87 96 93
88 1 41
88 3 93
88 4 47
88 7 55
88 9 17
88 10 67
88 13 29
88 14 97
88 15 51
88 16 91
88 20 93
88 22 87
88 26 39
88 27 29
88 32 89
88 35 13
88 42 57
88 44 69
88 45 83
88 46 63
88 47 37
88 49 19
88 52 39
88 55 85
88 59 29
88 60 53
88 61 37
88 62 15
88 63 19
88 64 21
88 67 47
88 68 13
88 76 31
88 78 37
88 79 47
88 81 35
88 82 95
88 83 41
88 84 13
88 85 19
88 86 59
88 87 61
88 89 49
88 92 11
88 96 21
88 97 99
88 98 57
89 1 27
89 3 39
89 5 13
89 6 99
89 12 35
89 13 23
89 14 81
89 16 23
89 19 55
89 20 25
89 21 75
89 22 13
89 23 63
89 24 55
89 25 81
89 26 15
89 28 43
89 34 89
89 35 97
89 36 85
89 37 69
89 39 83
89 40 77
89 43 21
89 52 87
89 54 87
89 57 21
89 58 13
89 60 19
89 61 21
89 62 89
89 64 83
89 68 87
89 69 95
89 76 95
89 79 71
89 80 99
89 84 17
89 85 37
89 87 83
89 88 49
89 90 93
89 91 49
89 94 11
89 95 13
89 97 49
89 99 29
90 4 39
90 6 49
90 7 55
90 9 41
90 15 73
90 17 31
90 23 53
90 27 83
90 28 49
90 29 69
90 30 79
90 33 59
90 39 71
90 40 61
90 41 55
90 43 69
90 44 25
90 46 37
90 49 71
90 51 95
90 52 89
90 53 19
90 56 53
90 57 15
90 59 93
90 62 65
90 66 69
90 67 71
90 69 31
90 74 13
90 75 31
90 77 97
90 78 95
90 79 27
90 83 67
90 84 61
90 85 81
90 86 67
90 87 11
90 89 93
90 92 37
90 94 63
90 96 79
90 99 77
91 0 49
91 1 75
91 8 53
91 10 19
91 11 75
91 13 61
91 14 15
91 15 71
91 17 29
91 20 89
91 21 51
91 22 47
91 24 67
91 34 49
91 38 69
91 40 71
91 41 27
91 44 67
91 47 65
91 48 55
91 51 55
91 52 17
91 55 73
91 56 63
91 57 27
91 58 69
91 60 25
91 62 11
91 63 77
91 64 49
91 68 91
91 73 23
91 74 39
91 75 85
91 76 41
91 77 25
91 78 95
91 79 39
91 80 81
91 82 95
91 83 75
91 84 41
91 85 77
91 87 67
91 89 49
91 97 61
92 2 79
92 10 37
92 11 45
92 14 17
92 16 51
92 20 47
92 23 75
92 25 75
92 28 51
92 29 95
92 30 41
92 33 39
92 34 71
92 35 75
92 36 17
92 37 33
92 38 59
92 39 21
92 40 13
92 49 57
92 52 51
92 53 99
92 61 67
92 67 61
92 68 41
92 69 51
92 71 99
92 74 95
92 75 35
92 76 97
92 77 15
92 78 47
92 86 45
92 87 13
92 88 11
92 90 37
92 94 29
92 95 81
92 97 85
92 98 79
92 99 79
93 1 51
93 2 73
93 3 39
93 6 21
93 7 41
93 8 47
93 9 91
93 10 45
93 11 25
93 14 49
93 15 45
93 18 57
93 19 19
93 21 27
93 24 87
93 26 45
93 27 57
93 28 55
93 29 45
93 30 65
93 31 99
93 33 69
93 34 95
93 35 29
93 36 87
93 37 79
93 39 33
93 41 37
93 43 31
93 44 81
93 46 79
93 47 67
93 49 29
93 52 81
93 54 81
93 55 37
93 64 31
93 68 89
93 69 99
93 71 89
93 72 45
93 73 41
93 74 61
93 75 41
93 78 65
93 80 89
93 81 43
93 83 33
93 84 19
93 87 19
93 95 89
93 96 69
93 97 87
93 98 89
94 1 33
94 2 27
94 3 61
94 4 85
94 5 63
94 7 53
94 8 29
94 9 37
94 12 45
94 14 35
94 15 69
94 19 17
94 21 61
94 22 15
94 23 81
94 25 43
94 26 33
94 28 79
94 29 43
94 31 79
94 32 61
94 33 63
94 35 17
94 36 17
94 39 83
94 40 79
94 41 13
94 43 85
94 44 75
94 46 33
94 48 85
94 49 63
94 50 67
94 51 97
94 52 77
94 57 45
94 60 79
94 61 31
94 63 73
94 64 73
94 68 59
94 72 45
94 73 97
94 75 89
94 77 73
94 78 85
94 79 11
94 80 79
94 85 35
94 87 15
94 89 11
94 90 63
94 92 29
94 98 55
94 99 29
95 0 89
95 1 21
95 2 77
95 3 99
95 4 15
95 5 35
95 6 19
95 7 41
95 8 77
95 9 61
95 11 55
95 14 71
95 15 79
95 16 25
95 17 69
95 19 75
95 21 79
95 27 83
95 29 15
95 30 71
95 33 47
95 34 35
95 36 15
95 37 75
95 38 27
95 41 11
95 46 19
95 49 41
95 59 15
95 61 81
95 62 23
95 63 45
95 64 89
95 68 57
95 69 63
95 74 11
95 75 49
95 76 19
95 79 89
95 80 33
95 81 31
95 82 71
95 89 13
95 92 81
95 93 89
95 97 79
96 1 91
96 2 83
96 4 63
96 6 55
96 7 45
96 9 27
96 10 39
96 11 75
96 12 85
96 13 17
96 14 63
96 15 19
96 16 69
96 17 81
96 24 47
96 25 55
96 31 65
96 32 91
96 34 43
96 39 97
96 40 31
96 41 37
96 42 49
96 43 97
96 44 47
96 46 37
96 47 79
96 48 11
96 53 49
96 54 89
96 56 59
96 57 31
96 59 57
96 62 53
96 67 73
96 69 63
96 71 73
96 72 77
96 78 99
96 79 51
96 81 63
96 82 13
96 84 59
96 85 51
96 86 87
96 87 93
96 88 21
96 90 79
96 93 69
96 98 87
97 0 39
97 1 81
97 2 57
97 5 49
97 6 39
97 7 43
97 8 75
97 10 55
97 14 43
97 19 93
97 22 29
97 23 87
97 27 57
97 29 69
97 31 71
97 35 35
97 36 45
97 40 87
97 43 99
97 53 77
97 55 33
97 57 49
97 58 99
97 59 33
97 60 51
97 62 33
97 63 37
97 64 67
97 65 89
97 66 25
97 70 57
97 71 73
97 72 49
97 73 71
97 76 17
97 80 77
97 81 35
97 82 97
97 88 99
97 89 49
97 91 61
97 92 85
97 93 87
97 95 79
97 98 33
97 99 83
98 4 11
98 5 41
98 16 33
98 17 91
98 18 51
98 19 49
98 20 39
98 23 43
98 26 27
98 28 81
98 29 47
98 31 19
98 34 47
98 36 15
98 37 31
98 43 65
98 44 81
98 45 23
98 48 69
98 53 27
98 56 35
98 57 55
98 59 15
98 61 53
98 62 73
98 63 73
98 65 81
98 68 19
98 74 45
98 76 67
98 77 63
98 78 83
98 79 11
98 83 95
98 84 55
98 85 53
98 88 57
98 92 79
98 93 89
98 94 55
98 96 87
98 97 33
99 0 29
99 1 21
99 2 13
99 4 57
99 5 41
99 10 19
99 11 15
99 14 27
99 15 35
99 23 75
99 24 83
99 29 41
99 30 89
99 32 49
99 33 47
99 34 57
99 38 91
99 41 99
99 42 87
99 43 85
99 44 37
99 45 41
99 47 35
99 48 79
99 50 33
99 51 45
99 52 65
99 53 27
99 54 89
99 55 13
99 56 99
99 57 91
99 60 15
99 61 23
99 62 49
99 64 83
99 65 97
99 67 55
99 69 11
99 71 97
99 73 29
99 74 49
99 76 41
99 79 21
99 80 91
99 82 11
99 84 63
99 86 59
99 89 29
99 90 77
99 92 79
99 94 29
99 97 83
